$MeshFormat
2.2 0 8
$EndMeshFormat
$Nodes
241
1 1 0 0
2 0.2121320343559643 0.2121320343559642 0
3 0 1 0
4 -0.2121320343559643 0.2121320343559642 0
5 -1 0 0
6 -0.2121320343559643 -0.2121320343559642 0
7 0 -1 0
8 0.2121320343559643 -0.2121320343559642 0
9 0.9365198971984305 0.01709190363821289 0
10 0.873039794396861 0.03418380727642578 0
11 0.8095596915952915 0.05127571091463867 0
12 0.7460795887937219 0.06836761455285156 0
13 0.681642174887084 0.08571727248630821 0
14 0.6172047609804461 0.1030669304197649 0
15 0.5527673470738083 0.1204165883532215 0
16 0.4883299331671703 0.1377662462866782 0
17 0.4192804584643689 0.1563576933039997 0
18 0.3502309837615675 0.1749491403213212 0
19 0.2811815090587658 0.1935405873386427 0
20 0.1935946494455541 0.280980719949662 0
21 0.175057264535144 0.3498294055433597 0
22 0.1565198796247339 0.4186780911370573 0
23 0.1379824947143238 0.4875267767307551 0
24 0.1206056027281127 0.5520653391405176 0
25 0.1032287107419016 0.6166039015502802 0
26 0.08585181875569045 0.6811424639600427 0
27 0.06847492676947936 0.7456810263698053 0
28 0.05135619507710951 0.8092607697773539 0
29 0.03423746338473971 0.8728405131849026 0
30 0.01711873169236985 0.9364202565924511 0
31 -0.01709390171477731 0.9365124762517414 0
32 -0.03418780342955462 0.8730249525034828 0
33 -0.05128170514433193 0.8095374287552242 0
34 -0.06837560685910922 0.7460499050069656 0
35 -0.08572498032109963 0.6816135476402136 0
36 -0.10307435378309 0.617177190273462 0
37 -0.1204237272450804 0.5527408329067101 0
38 -0.1377731007070708 0.4883044755399581 0
39 -0.1563628341192942 0.4192613652439596 0
40 -0.1749525675315175 0.3502182549479612 0
41 -0.1935423009437409 0.2811751446519628 0
42 -0.2809318906727183 0.1936077966406501 0
43 -0.3497317469894723 0.175083558925336 0
44 -0.4185316033062263 0.1565593212100218 0
45 -0.4873314596229803 0.1380350834947077 0
46 -0.5518580634238474 0.1206614113424582 0
47 -0.6163846672247144 0.1032877391902088 0
48 -0.6809112710255815 0.08591406703795931 0
49 -0.7454378748264486 0.06854039488570984 0
50 -0.8090784061198363 0.05140529616428241 0
51 -0.8727189374132241 0.03427019744285495 0
52 -0.9363594687066121 0.01713509872142749 0
53 -0.9362975641691229 -0.01715176640693582 0
54 -0.8725951283382457 -0.03430353281387164 0
55 -0.8088926925073685 -0.05145529922080747 0
56 -0.7451902566764914 -0.0686070656277433 0
57 -0.6806536207182231 -0.0859834389203504 0
58 -0.6161169847599548 -0.1033598122129575 0
59 -0.5515803488016866 -0.1207361855055646 0
60 -0.4870437128434183 -0.1381125587981717 0
61 -0.4183157932215548 -0.1566174276876199 0
62 -0.3495878735996913 -0.175122296577068 0
63 -0.2808599539778278 -0.1936271654665161 0
64 -0.1936841369002313 -0.2806483594974502 0
65 -0.1752362394444983 -0.3491646846389361 0
66 -0.1567883419887654 -0.417681009780422 0
67 -0.1383404445330324 -0.4861973349219079 0
68 -0.1209338226154627 -0.5508463156407644 0
69 -0.103527200697893 -0.6154952963596209 0
70 -0.08612057878032328 -0.6801442770784774 0
71 -0.06871395686275358 -0.7447932577973337 0
72 -0.05153546764706518 -0.8085949433480002 0
73 -0.03435697843137681 -0.8723966288986669 0
74 -0.0171784892156884 -0.9361983144493333 0
75 0.01709923369108197 -0.9364926730506984 0
76 0.03419846738216394 -0.8729853461013968 0
77 0.05129770107324589 -0.8094780191520952 0
78 0.06839693476432786 -0.7459706922027936 0
79 0.08574040295702844 -0.681556267273149 0
80 0.103083871149729 -0.6171418423435043 0
81 0.1204273393424296 -0.5527274174138597 0
82 0.1377708075351302 -0.4883129924842151 0
83 0.1563611142403387 -0.4192677529521525 0
84 0.1749514209455472 -0.3502225134200897 0
85 0.1935417276507558 -0.2811772738880269 0
86 0.2809820347807794 -0.1935942954296378 0
87 0.3498320352055945 -0.1750565565033114 0
88 0.4186820356304096 -0.156518817576985 0
89 0.4875320360552248 -0.1379810786506586 0
90 0.552094248321927 -0.1205978189829531 0
91 0.6166564605886293 -0.1032145593152476 0
92 0.6812186728553317 -0.08583129964754213 0
93 0.7457808851220341 -0.06844803997983659 0
94 0.8093356638415257 -0.05133602998487743 0
95 0.8728904425610171 -0.03422401998991831 0
96 0.9364452212805086 -0.01711200999495915 0
97 4.402638799389131e-05 -0.7397178108343183 0
98 -1.455848959466691e-05 0.740186988609975 0
99 0.7402456727131853 1.280527057027882e-05 0
100 -0.7396522353737527 8.348819849182592e-06 0
101 0.1854011224162625 1.893182553763162e-05 0
102 2.393011695898529e-05 -0.1852216985568823 0
103 -0.1852056102200003 1.850364279610795e-05 0
104 1.839368738206436e-05 0.1853948008926714 0
105 6.103628774273574e-05 5.412071437833507e-05 0
106 -0.4819767707162938 5.714721948749298e-09 0
107 -0.3399755033128955 2.912768179181072e-06 0
108 0.4826326920517817 -1.061695519554182e-05 0
109 0.3403987703338242 -1.897944690503597e-06 0
110 9.861885747577239e-06 0.4826107761671853 0
111 8.945074256308313e-06 0.3403870602641894 0
112 -1.988228078822655e-05 -0.4820375483170433 0
113 -7.944294895272737e-06 -0.3400129203007689 0
114 -0.6144676515047814 6.985760017130206e-06 0
115 -7.750701748013615e-06 0.6150902446941698 0
116 0.6151320586221631 5.290464497619406e-06 0
117 2.771780613903284e-05 -0.6145356416219282 0
118 -6.589503766094548e-05 -0.8341479456617285 0
119 2.048211472436045e-05 0.8344585581735712 0
120 0.834499367159795 -1.634560156769736e-05 0
121 -0.8341049936035448 -1.40701668916976e-05 0
122 0.1060752140216731 0.1987634176243179 0
123 3.971498756240005e-05 0.09272446080352488 0
124 0.0927310793520026 3.652626995798334e-05 0
125 0.1987665783861133 0.1060754830907509 0
126 0.09940314668683786 0.09939997194713791 0
127 4.248320235086051e-05 -0.09258378892125202 0
128 0.1060779822364617 -0.1986768664564232 0
129 0.1987665783861134 -0.1060565512652133 0
130 0.09940453079423214 -0.09932017009323264 0
131 -0.09257228696612876 3.631217858722151e-05 0
132 -0.1986688222879822 -0.1060567653565841 0
133 -0.1060540521195026 -0.1986768664564233 0
134 -0.09931316954281567 -0.09932027713891804 0
135 -0.1060568203342911 0.1987634176243178 0
136 -0.1986688222879823 0.1060752689993801 0
137 -0.09931455365020994 0.09939986490145251 0
138 -0.3448536251511839 0.08754323584675755 0
139 -0.2625905567664479 1.070820548764451e-05 0
140 -0.2717612237195831 0.09680925242306886 0
141 -0.3447816884562934 -0.0875596919044444 0
142 -0.2717252553721378 -0.09680822863051426 0
143 -0.4109761370145947 1.459241450564911e-06 0
144 -0.484510241779856 -0.06905627654172491 0
145 -0.4146459651180747 -0.07830798422308466 0
146 -0.4846541151696371 0.06901754460471481 0
147 -0.4147538701604105 0.07828039022573618 0
148 0.4850823640535032 -0.06899584780292708 0
149 0.4115157311928029 -6.257449943022708e-06 0
150 0.3451154027697093 -0.08752922722400097 0
151 0.4150988834116063 -0.07826253751346403 0
152 0.2628999463750433 8.51694042356401e-06 0
153 0.2719409905779113 -0.09679288924460715 0
154 0.3453148770476958 0.08747362118831534 0
155 0.2720407277169045 0.09677455213953313 0
156 0.485481312609476 0.06887781466574132 0
157 0.4153980948285859 0.07817571792702832 0
158 0.06899617830003568 0.4850687764489702 0
159 9.403480001942776e-06 0.4114989182156873 0
160 0.08753310480470015 0.3451082329037745 0
161 0.0782646415523679 0.4150885046763724 0
162 1.366938081918633e-05 0.2628909305784304 0
163 0.09680415941318665 0.2719358252640461 0
164 -0.08747181122863064 0.3453026576060753 0
165 -0.09676431578146089 0.2720330376151965 0
166 -0.06888161941066165 0.4854576258535717 0
167 -0.07817671531964615 0.4153801417298235 0
168 -0.06918016340691031 -0.4841174416194756 0
169 -1.391328784174965e-05 -0.411025234308906 0
170 -0.0876220918696968 -0.3445888024698525 0
171 -0.07840112763830354 -0.414353122044664 0
172 7.992911031856273e-06 -0.2626173094288256 0
173 -0.09683807199459971 -0.2716328344631379 0
174 0.08747173832532601 -0.3451177168604292 0
175 0.09677486028089381 -0.2718972916584262 0
176 0.06887546262717101 -0.4851752704006292 0
177 0.07817360047624849 -0.4151464936305292 0
178 -0.6154261593647479 0.05164736247511294 0
179 -0.5482222111105376 3.495737369539478e-06 0
180 -0.5500401372671925 0.06033245353991388 0
181 -0.6152923181323682 -0.05167641322647019 0
182 -0.549901279956112 -0.06036634488409755 0
183 -0.677059943439267 7.6672899331564e-06 0
184 -0.7424212460251221 -0.03429935840394706 0
185 -0.678856782078745 -0.04298788581520862 0
186 -0.7425450551001007 0.0342743718527795 0
187 -0.6789856072324242 0.04296086716394622 0
188 0.03423018413994233 0.7429340074898901 0
189 -1.115459567134026e-05 0.6776386166520725 0
190 0.05161048002007676 0.615847073122225 0
191 0.04292033208000955 0.6793905403060576 0
192 1.055591999781811e-06 0.5488505104306776 0
193 0.06030332916005622 0.5504579247855976 0
194 -0.05154105224241903 0.6161337174838158 0
195 -0.06021133582654035 0.5507956716686937 0
196 -0.03419508267435195 0.7431184468084703 0
197 -0.0428680674583855 0.6796260821461431 0
198 0.7430132789176098 -0.03421761735463314 0
199 0.6776888656676743 9.047867533949112e-06 0
200 0.6158942596053962 -0.051604634425375 0
201 0.679453769261503 -0.04291112589000407 0
202 0.5488823753369724 -2.663245348961206e-06 0
203 0.5504883118294498 -0.06030024111415103 0
204 0.6161684098013046 0.05153611044213127 0
205 0.5508248612053903 0.0602069625539363 0
206 0.7431626307534536 0.03419020991171093 0
207 0.6796655202773791 0.04286316017692109 0
208 -0.03433496523737983 -0.742255534315826 0
209 3.587209706646207e-05 -0.6771267262281233 0
210 -0.05174974144587696 -0.6150154689907745 0
211 -0.0430423533416284 -0.6786355016533003 0
212 3.917762675403141e-06 -0.5482865949694857 0
213 -0.06046495242639364 -0.5495664553051249 0
214 0.05155579447793405 -0.6158387419827163 0
215 0.06021562855255252 -0.5505070061916727 0
216 0.03422048057616088 -0.7428442515185559 0
217 0.04288813752704747 -0.6793414967506362 0
218 -0.01721143673451886 -0.8532722872801977 0
219 -1.093432483352709e-05 -0.7869328782480234 0
220 -0.02577320098594934 -0.7977639107980119 0
221 0.0170662861722515 -0.8535666458815626 0
222 0.02564338337420619 -0.7982054487000593 0
223 -5.610152171843866e-05 -0.894882480165448 0
224 2.961812564846771e-06 0.7873227733917731 0
225 -0.01708366065741513 0.8537417553385269 0
226 -0.02563937166588354 0.7984301010734987 0
227 0.01712897274973201 0.8536495356792368 0
228 1.753551747734824e-05 0.8950810059654891 0
229 0.02567957844483716 0.7982917715845637 0
230 0.8536949048604061 -0.01712018279574298 0
231 0.7873725199364902 -1.770165498709269e-06 0
232 0.798354091889008 -0.02566890007518806 0
233 0.853769580778328 0.01708373083742904 0
234 0.7984661057658907 0.02563697037456999 0
235 0.8951074010294182 -1.413957876504595e-05 0
236 -0.8534119655083845 0.01712806363798161 0
237 -0.7868786144886488 -2.860673521257502e-06 0
238 -0.7979785103042427 0.02570121774538056 0
239 -0.8533500609708953 -0.01715880149038167 0
240 -0.7978856534980086 -0.02572907994716437 0
241 -0.8948547648387537 -1.185138447710992e-05 0
$EndNodes
$Elements
296
1 15 2 0 1 1
2 15 2 0 2 2
3 15 2 0 3 3
4 15 2 0 4 4
5 15 2 0 5 5
6 15 2 0 6 6
7 15 2 0 7 7
8 15 2 0 8 8
9 1 2 0 1 1 9
10 1 2 0 1 9 10
11 1 2 0 1 10 11
12 1 2 0 1 11 12
13 1 2 0 1 12 13
14 1 2 0 1 13 14
15 1 2 0 1 14 15
16 1 2 0 1 15 16
17 1 2 0 1 16 17
18 1 2 0 1 17 18
19 1 2 0 1 18 19
20 1 2 0 1 19 2
21 1 2 0 2 2 20
22 1 2 0 2 20 21
23 1 2 0 2 21 22
24 1 2 0 2 22 23
25 1 2 0 2 23 24
26 1 2 0 2 24 25
27 1 2 0 2 25 26
28 1 2 0 2 26 27
29 1 2 0 2 27 28
30 1 2 0 2 28 29
31 1 2 0 2 29 30
32 1 2 0 2 30 3
33 1 2 0 3 3 31
34 1 2 0 3 31 32
35 1 2 0 3 32 33
36 1 2 0 3 33 34
37 1 2 0 3 34 35
38 1 2 0 3 35 36
39 1 2 0 3 36 37
40 1 2 0 3 37 38
41 1 2 0 3 38 39
42 1 2 0 3 39 40
43 1 2 0 3 40 41
44 1 2 0 3 41 4
45 1 2 0 4 4 42
46 1 2 0 4 42 43
47 1 2 0 4 43 44
48 1 2 0 4 44 45
49 1 2 0 4 45 46
50 1 2 0 4 46 47
51 1 2 0 4 47 48
52 1 2 0 4 48 49
53 1 2 0 4 49 50
54 1 2 0 4 50 51
55 1 2 0 4 51 52
56 1 2 0 4 52 5
57 1 2 0 5 5 53
58 1 2 0 5 53 54
59 1 2 0 5 54 55
60 1 2 0 5 55 56
61 1 2 0 5 56 57
62 1 2 0 5 57 58
63 1 2 0 5 58 59
64 1 2 0 5 59 60
65 1 2 0 5 60 61
66 1 2 0 5 61 62
67 1 2 0 5 62 63
68 1 2 0 5 63 6
69 1 2 0 6 6 64
70 1 2 0 6 64 65
71 1 2 0 6 65 66
72 1 2 0 6 66 67
73 1 2 0 6 67 68
74 1 2 0 6 68 69
75 1 2 0 6 69 70
76 1 2 0 6 70 71
77 1 2 0 6 71 72
78 1 2 0 6 72 73
79 1 2 0 6 73 74
80 1 2 0 6 74 7
81 1 2 0 7 7 75
82 1 2 0 7 75 76
83 1 2 0 7 76 77
84 1 2 0 7 77 78
85 1 2 0 7 78 79
86 1 2 0 7 79 80
87 1 2 0 7 80 81
88 1 2 0 7 81 82
89 1 2 0 7 82 83
90 1 2 0 7 83 84
91 1 2 0 7 84 85
92 1 2 0 7 85 8
93 1 2 0 8 8 86
94 1 2 0 8 86 87
95 1 2 0 8 87 88
96 1 2 0 8 88 89
97 1 2 0 8 89 90
98 1 2 0 8 90 91
99 1 2 0 8 91 92
100 1 2 0 8 92 93
101 1 2 0 8 93 94
102 1 2 0 8 94 95
103 1 2 0 8 95 96
104 1 2 0 8 96 1
105 3 2 0 11 2 122 126 125
106 3 2 0 11 122 104 123 126
107 3 2 0 11 126 123 105 124
108 3 2 0 11 125 126 124 101
109 3 2 0 11 101 124 130 129
110 3 2 0 11 124 105 127 130
111 3 2 0 11 130 127 102 128
112 3 2 0 11 129 130 128 8
113 3 2 0 11 105 131 134 127
114 3 2 0 11 131 103 132 134
115 3 2 0 11 134 132 6 133
116 3 2 0 11 127 134 133 102
117 3 2 0 11 104 135 137 123
118 3 2 0 11 135 4 136 137
119 3 2 0 11 137 136 103 131
120 3 2 0 11 123 137 131 105
121 3 2 0 11 4 42 140 136
122 3 2 0 11 42 43 138 140
123 3 2 0 11 140 138 107 139
124 3 2 0 11 136 140 139 103
125 3 2 0 11 103 139 142 132
126 3 2 0 11 139 107 141 142
127 3 2 0 11 142 141 62 63
128 3 2 0 11 132 142 63 6
129 3 2 0 11 107 143 145 141
130 3 2 0 11 143 106 144 145
131 3 2 0 11 145 144 60 61
132 3 2 0 11 141 145 61 62
133 3 2 0 11 43 44 147 138
134 3 2 0 11 44 45 146 147
135 3 2 0 11 147 146 106 143
136 3 2 0 11 138 147 143 107
137 3 2 0 11 89 148 151 88
138 3 2 0 11 148 108 149 151
139 3 2 0 11 151 149 109 150
140 3 2 0 11 88 151 150 87
141 3 2 0 11 87 150 153 86
142 3 2 0 11 150 109 152 153
143 3 2 0 11 153 152 101 129
144 3 2 0 11 86 153 129 8
145 3 2 0 11 109 154 155 152
146 3 2 0 11 154 18 19 155
147 3 2 0 11 155 19 2 125
148 3 2 0 11 152 155 125 101
149 3 2 0 11 108 156 157 149
150 3 2 0 11 156 16 17 157
151 3 2 0 11 157 17 18 154
152 3 2 0 11 149 157 154 109
153 3 2 0 11 23 158 161 22
154 3 2 0 11 158 110 159 161
155 3 2 0 11 161 159 111 160
156 3 2 0 11 22 161 160 21
157 3 2 0 11 21 160 163 20
158 3 2 0 11 160 111 162 163
159 3 2 0 11 163 162 104 122
160 3 2 0 11 20 163 122 2
161 3 2 0 11 111 164 165 162
162 3 2 0 11 164 40 41 165
163 3 2 0 11 165 41 4 135
164 3 2 0 11 162 165 135 104
165 3 2 0 11 110 166 167 159
166 3 2 0 11 166 38 39 167
167 3 2 0 11 167 39 40 164
168 3 2 0 11 159 167 164 111
169 3 2 0 11 67 168 171 66
170 3 2 0 11 168 112 169 171
171 3 2 0 11 171 169 113 170
172 3 2 0 11 66 171 170 65
173 3 2 0 11 65 170 173 64
174 3 2 0 11 170 113 172 173
175 3 2 0 11 173 172 102 133
176 3 2 0 11 64 173 133 6
177 3 2 0 11 113 174 175 172
178 3 2 0 11 174 84 85 175
179 3 2 0 11 175 85 8 128
180 3 2 0 11 172 175 128 102
181 3 2 0 11 112 176 177 169
182 3 2 0 11 176 82 83 177
183 3 2 0 11 177 83 84 174
184 3 2 0 11 169 177 174 113
185 3 2 0 11 45 46 180 146
186 3 2 0 11 46 47 178 180
187 3 2 0 11 180 178 114 179
188 3 2 0 11 146 180 179 106
189 3 2 0 11 106 179 182 144
190 3 2 0 11 179 114 181 182
191 3 2 0 11 182 181 58 59
192 3 2 0 11 144 182 59 60
193 3 2 0 11 114 183 185 181
194 3 2 0 11 183 100 184 185
195 3 2 0 11 185 184 56 57
196 3 2 0 11 181 185 57 58
197 3 2 0 11 47 48 187 178
198 3 2 0 11 48 49 186 187
199 3 2 0 11 187 186 100 183
200 3 2 0 11 178 187 183 114
201 3 2 0 11 27 188 191 26
202 3 2 0 11 188 98 189 191
203 3 2 0 11 191 189 115 190
204 3 2 0 11 26 191 190 25
205 3 2 0 11 25 190 193 24
206 3 2 0 11 190 115 192 193
207 3 2 0 11 193 192 110 158
208 3 2 0 11 24 193 158 23
209 3 2 0 11 115 194 195 192
210 3 2 0 11 194 36 37 195
211 3 2 0 11 195 37 38 166
212 3 2 0 11 192 195 166 110
213 3 2 0 11 98 196 197 189
214 3 2 0 11 196 34 35 197
215 3 2 0 11 197 35 36 194
216 3 2 0 11 189 197 194 115
217 3 2 0 11 93 198 201 92
218 3 2 0 11 198 99 199 201
219 3 2 0 11 201 199 116 200
220 3 2 0 11 92 201 200 91
221 3 2 0 11 91 200 203 90
222 3 2 0 11 200 116 202 203
223 3 2 0 11 203 202 108 148
224 3 2 0 11 90 203 148 89
225 3 2 0 11 116 204 205 202
226 3 2 0 11 204 14 15 205
227 3 2 0 11 205 15 16 156
228 3 2 0 11 202 205 156 108
229 3 2 0 11 99 206 207 199
230 3 2 0 11 206 12 13 207
231 3 2 0 11 207 13 14 204
232 3 2 0 11 199 207 204 116
233 3 2 0 11 71 208 211 70
234 3 2 0 11 208 97 209 211
235 3 2 0 11 211 209 117 210
236 3 2 0 11 70 211 210 69
237 3 2 0 11 69 210 213 68
238 3 2 0 11 210 117 212 213
239 3 2 0 11 213 212 112 168
240 3 2 0 11 68 213 168 67
241 3 2 0 11 117 214 215 212
242 3 2 0 11 214 80 81 215
243 3 2 0 11 215 81 82 176
244 3 2 0 11 212 215 176 112
245 3 2 0 11 97 216 217 209
246 3 2 0 11 216 78 79 217
247 3 2 0 11 217 79 80 214
248 3 2 0 11 209 217 214 117
249 3 2 0 11 71 72 220 208
250 3 2 0 11 72 73 218 220
251 3 2 0 11 220 218 118 219
252 3 2 0 11 208 220 219 97
253 3 2 0 11 97 219 222 216
254 3 2 0 11 219 118 221 222
255 3 2 0 11 222 221 76 77
256 3 2 0 11 216 222 77 78
257 3 2 0 11 73 74 223 218
258 3 2 0 11 74 7 75 223
259 3 2 0 11 223 75 76 221
260 3 2 0 11 218 223 221 118
261 3 2 0 11 34 196 226 33
262 3 2 0 11 196 98 224 226
263 3 2 0 11 226 224 119 225
264 3 2 0 11 33 226 225 32
265 3 2 0 11 32 225 228 31
266 3 2 0 11 225 119 227 228
267 3 2 0 11 228 227 29 30
268 3 2 0 11 31 228 30 3
269 3 2 0 11 98 188 229 224
270 3 2 0 11 188 27 28 229
271 3 2 0 11 229 28 29 227
272 3 2 0 11 224 229 227 119
273 3 2 0 11 93 94 232 198
274 3 2 0 11 94 95 230 232
275 3 2 0 11 232 230 120 231
276 3 2 0 11 198 232 231 99
277 3 2 0 11 99 231 234 206
278 3 2 0 11 231 120 233 234
279 3 2 0 11 234 233 10 11
280 3 2 0 11 206 234 11 12
281 3 2 0 11 95 96 235 230
282 3 2 0 11 96 1 9 235
283 3 2 0 11 235 9 10 233
284 3 2 0 11 230 235 233 120
285 3 2 0 11 49 50 238 186
286 3 2 0 11 50 51 236 238
287 3 2 0 11 238 236 121 237
288 3 2 0 11 186 238 237 100
289 3 2 0 11 100 237 240 184
290 3 2 0 11 237 121 239 240
291 3 2 0 11 240 239 54 55
292 3 2 0 11 184 240 55 56
293 3 2 0 11 51 52 241 236
294 3 2 0 11 52 5 53 241
295 3 2 0 11 241 53 54 239
296 3 2 0 11 236 241 239 121
$EndElements
